% Define the date range
dates = ["JAN  1, 2021"; "JAN  2, 2021"; "JAN  3, 2021"; "JAN  4, 2021"; "JAN  5, 2021"; ...
    "JAN  6, 2021"; "JAN  7, 2021"; "JAN  8, 2021"; "JAN  9, 2021"; "JAN 10, 2021"; ...
    "JAN 11, 2021"; "JAN 12, 2021"; "JAN 13, 2021"; "JAN 14, 2021"; "JAN 15, 2021"; ...
    "JAN 16, 2021"; "JAN 17, 2021"; "JAN 18, 2021"; "JAN 19, 2021"; "JAN 20, 2021"; ...
    "JAN 21, 2021"; "JAN 22, 2021"; "JAN 23, 2021"; "JAN 24, 2021"; "JAN 25, 2021"; ...
    "JAN 26, 2021"; "JAN 27, 2021"; "JAN 28, 2021"; "JAN 29, 2021"; "JAN 30, 2021"; ...
    "JAN 31, 2021"; "FEB  1, 2021"; "FEB  2, 2021"; "FEB  3, 2021"; "FEB  4, 2021"; ...
    "FEB  5, 2021"; "FEB  6, 2021"; "FEB  7, 2021"; "FEB  8, 2021"; "FEB  9, 2021"; ...
    "FEB 10, 2021"; "FEB 11, 2021"; "FEB 12, 2021"; "FEB 13, 2021"; "FEB 14, 2021"; ...
    "FEB 15, 2021"; "FEB 16, 2021"; "FEB 17, 2021"; "FEB 18, 2021"; "FEB 19, 2021"; ...
    "FEB 20, 2021"; "FEB 21, 2021"; "FEB 22, 2021"; "FEB 23, 2021"; "FEB 24, 2021"; ...
    "FEB 25, 2021"; "FEB 26, 2021"; "FEB 27, 2021"; "FEB 28, 2021"; "MAR  1, 2021"; ...
    "MAR  2, 2021"; "MAR  3, 2021"; "MAR  4, 2021"; "MAR  5, 2021"; "MAR  6, 2021"; ...
    "MAR  7, 2021"; "MAR  8, 2021"; "MAR  9, 2021"; "MAR 10, 2021"; "MAR 11, 2021"; ...
    "MAR 12, 2021"; "MAR 13, 2021"; "MAR 14, 2021"; "MAR 15, 2021"; "MAR 16, 2021"; ...
    "MAR 17, 2021"; "MAR 18, 2021"; "MAR 19, 2021"; "MAR 20, 2021"; "MAR 21, 2021"; ...
    "MAR 22, 2021"; "MAR 23, 2021"; "MAR 24, 2021"; "MAR 25, 2021"; "MAR 26, 2021"; ...
    "MAR 27, 2021"; "MAR 28, 2021"; "MAR 29, 2021"; "MAR 30, 2021"; "MAR 31, 2021"; ...
    "APR  1, 2021"; "APR  2, 2021"; "APR  3, 2021"; "APR  4, 2021"; "APR  5, 2021"; ...
    "APR  6, 2021"; "APR  7, 2021"; "APR  8, 2021"; "APR  9, 2021"; "APR 10, 2021"; ...
    "APR 11, 2021"; "APR 12, 2021"; "APR 13, 2021"; "APR 14, 2021"; "APR 15, 2021"; ...
    "APR 16, 2021"; "APR 17, 2021"; "APR 18, 2021"; "APR 19, 2021"; "APR 20, 2021"; ...
    "APR 21, 2021"; "APR 22, 2021"; "APR 23, 2021"; "APR 24, 2021"; "APR 25, 2021"; ...
    "APR 26, 2021"; "APR 27, 2021"; "APR 28, 2021"; "APR 29, 2021"; "APR 30, 2021"; ...
    "MAY  1, 2021"; "MAY  2, 2021"; "MAY  3, 2021"; "MAY  4, 2021"; "MAY  5, 2021"; ...
    "MAY  6, 2021"; "MAY  7, 2021"; "MAY  8, 2021"; "MAY  9, 2021"; "MAY 10, 2021"; ...
    "MAY 11, 2021"; "MAY 12, 2021"; "MAY 13, 2021"; "MAY 14, 2021"; "MAY 15, 2021"; ...
    "MAY 16, 2021"; "MAY 17, 2021"; "MAY 18, 2021"; "MAY 19, 2021"; "MAY 20, 2021"; ...
    "MAY 21, 2021"; "MAY 22, 2021"; "MAY 23, 2021"; "MAY 24, 2021"; "MAY 25, 2021"; ...
    "MAY 26, 2021"; "MAY 27, 2021"; "MAY 28, 2021"; "MAY 29, 2021"; "MAY 30, 2021"; ...
    "MAY 31, 2021"; "JUN  1, 2021"; "JUN  2, 2021"; "JUN  3, 2021"; "JUN  4, 2021"; ...
    "JUN  5, 2021"; "JUN  6, 2021"; "JUN  7, 2021"; "JUN  8, 2021"; "JUN  9, 2021"; ...
    "JUN 10, 2021"; "JUN 11, 2021"; "JUN 12, 2021"; "JUN 13, 2021"; "JUN 14, 2021"; ...
    "JUN 15, 2021"; "JUN 16, 2021"; "JUN 17, 2021"; "JUN 18, 2021"; "JUN 19, 2021"; ...
    "JUN 20, 2021"; "JUN 21, 2021"; "JUN 22, 2021"; "JUN 23, 2021"; "JUN 24, 2021"; ...
    "JUN 25, 2021"; "JUN 26, 2021"; "JUN 27, 2021"; "JUN 28, 2021"; "JUN 29, 2021"; ...
    "JUN 30, 2021"; "JUL  1, 2021"; "JUL  2, 2021"; "JUL  3, 2021"; "JUL  4, 2021"; ...
    "JUL  5, 2021"; "JUL  6, 2021"; "JUL  7, 2021"; "JUL  8, 2021"; "JUL  9, 2021"; ...
    "JUL 10, 2021"; "JUL 11, 2021"; "JUL 12, 2021"; "JUL 13, 2021"; "JUL 14, 2021"; ...
    "JUL 15, 2021"; "JUL 16, 2021"; "JUL 17, 2021"; "JUL 18, 2021"; "JUL 19, 2021"; ...
    "JUL 20, 2021"; "JUL 21, 2021"; "JUL 22, 2021"; "JUL 23, 2021"; "JUL 24, 2021"; ...
    "JUL 25, 2021"; "JUL 26, 2021"; "JUL 27, 2021"; "JUL 28, 2021"; "JUL 29, 2021"; ...
    "JUL 30, 2021"; "JUL 31, 2021"; "AUG  1, 2021"; "AUG  2, 2021"; "AUG  3, 2021"; ...
    "AUG  4, 2021"; "AUG  5, 2021"; "AUG  6, 2021"; "AUG  7, 2021"; "AUG  8, 2021"; ...
    "AUG  9, 2021"; "AUG 10, 2021"; "AUG 11, 2021"; "AUG 12, 2021"; "AUG 13, 2021"; ...
    "AUG 14, 2021"; "AUG 15, 2021"; "AUG 16, 2021"; "AUG 17, 2021"; "AUG 18, 2021"; ...
    "AUG 19, 2021"; "AUG 20, 2021"; "AUG 21, 2021"; "AUG 22, 2021"; "AUG 23, 2021"; ...
    "AUG 24, 2021"; "AUG 25, 2021"; "AUG 26, 2021"; "AUG 27, 2021"; "AUG 28, 2021"; ...
    "AUG 29, 2021"; "AUG 30, 2021"; "AUG 31, 2021"; "SEP  1, 2021"; "SEP  2, 2021"; ...
    "SEP  3, 2021"; "SEP  4, 2021"; "SEP  5, 2021"; "SEP  6, 2021"; "SEP  7, 2021"; ...
    "SEP  8, 2021"; "SEP  9, 2021"; "SEP 10, 2021"; "SEP 11, 2021"; "SEP 12, 2021"; ...
    "SEP 13, 2021"; "SEP 14, 2021"; "SEP 15, 2021"; "SEP 16, 2021"; "SEP 17, 2021"; ...
    "SEP 18, 2021"; "SEP 19, 2021"; "SEP 20, 2021"; "SEP 21, 2021"; "SEP 22, 2021"; ...
    "SEP 23, 2021"; "SEP 24, 2021"; "SEP 25, 2021"; "SEP 26, 2021"; "SEP 27, 2021"; ...
    "SEP 28, 2021"; "SEP 29, 2021"; "SEP 30, 2021"; "OCT  1, 2021"; "OCT  2, 2021"; ...
    "OCT  3, 2021"; "OCT  4, 2021"; "OCT  5, 2021"; "OCT  6, 2021"; "OCT  7, 2021"; ...
    "OCT  8, 2021"; "OCT  9, 2021"; "OCT 10, 2021"; "OCT 11, 2021"; "OCT 12, 2021"; ...
    "OCT 13, 2021"; "OCT 14, 2021"; "OCT 15, 2021"; "OCT 16, 2021"; "OCT 17, 2021"; ...
    "OCT 18, 2021"; "OCT 19, 2021"; "OCT 20, 2021"; "OCT 21, 2021"; "OCT 22, 2021"; ...
    "OCT 23, 2021"; "OCT 24, 2021"; "OCT 25, 2021"; "OCT 26, 2021"; "OCT 27, 2021"; ...
    "OCT 28, 2021"; "OCT 29, 2021"; "OCT 30, 2021"; "OCT 31, 2021"; "NOV  1, 2021"; ...
    "NOV  2, 2021"; "NOV  3, 2021"; "NOV  4, 2021"; "NOV  5, 2021"; "NOV  6, 2021"; ...
    "NOV  7, 2021"; "NOV  8, 2021"; "NOV  9, 2021"; "NOV 10, 2021"; "NOV 11, 2021"; ...
    "NOV 12, 2021"; "NOV 13, 2021"; "NOV 14, 2021"; "NOV 15, 2021"; "NOV 16, 2021"; ...
    "NOV 17, 2021"; "NOV 18, 2021"; "NOV 19, 2021"; "NOV 20, 2021"; "NOV 21, 2021"; ...
    "NOV 22, 2021"; "NOV 23, 2021"; "NOV 24, 2021"; "NOV 25, 2021"; "NOV 26, 2021"; ...
    "NOV 27, 2021"; "NOV 28, 2021"; "NOV 29, 2021"; "NOV 30, 2021"; "DEC  1, 2021"; ...
    "DEC  2, 2021"; "DEC  3, 2021"; "DEC  4, 2021"; "DEC  5, 2021"; "DEC  6, 2021"; ...
    "DEC  7, 2021"; "DEC  8, 2021"; "DEC  9, 2021"; "DEC 10, 2021"; "DEC 11, 2021"; ...
    "DEC 12, 2021"; "DEC 13, 2021"; "DEC 14, 2021"; "DEC 15, 2021"; "DEC 16, 2021"; ...
    "DEC 17, 2021"; "DEC 18, 2021"; "DEC 19, 2021"; "DEC 20, 2021"; "DEC 21, 2021"; ...
    "DEC 22, 2021"; "DEC 23, 2021"; "DEC 24, 2021"; "DEC 25, 2021"; "DEC 26, 2021"; ...
    "DEC 27, 2021"; "DEC 28, 2021"; "DEC 29, 2021"; "DEC 30, 2021"; "DEC 31, 2021"];

% Define the RA and DEC data
